$ANSIBLE_VAULT;1.1;AES256
37343366366632636336343961306233306438386264376239316563326233643563353237323537
3537656439323863303831396461393430323631383830360a366366376464323836303762653331
38333833343738646662313532356565316230303366666263663233653634333137666262306530
3339623938613633350a303262363837343238336462336264383532363833643265653365343232
39313064643239303733306364343465363738643739343338373165366432316631316230656136
31643033363066366337393233336133633736633639303831643030313066343864333730353831
32663536326233316333373061333261356134363237326363343534326535373432393037353630
66653233303339623466343864303139373830643865666237613966653238363233623630303434
66396336303237373133383366393631336433623534633765366130383564613563353963306563
33613965306532663764303531366436346464643966373333653964643535663236303636303834
323032366235613164303937383632383232
